((("run" .
         [2 0 0])
  ("world" .
           [0 0 1 0 0])
  ("Coords" .
            [2 0 0 1 0 0])
  ("directions" .
                [0 0 1 1 0 0 0 0 0 1])
  ("__dir" .
           [1 0 1 0 1])
  ("self" .
          [10 0 0 0])
  ("defun*" .
            [0 0 0 2 0 0])
  ("def" .
         [0 0 1])
  ("import" .
            [0 0 0 1 0 0])
  ("String" .
            [1 0 0 0 0 0])
  ("class" .
           [2 0 0 1 5])
  ("defun" .
           [0 0 0 3 0])
  ("for" .
         [0 0 1])
  ("turn_left" .
               [2 0 1 0 0 0 0 0 0])
  ("find_key" .
              [4 0 0 0 0 3 0 1])
  ("robots" .
            [1 0 0 0 0 0])
  ("defmacro" .
              [0 0 0 0 0 0 1 0])
  ("some" .
          [3 0 0 0])
  ("df" .
        [1 0])))
